14
21
28
24
29
34
38
43
48
52
85
62
66
71
76
94
100
105
142
99
104
109
113
177
123
127
133
137
141
146
151
156
160
165
170
175
179
185
190
209
198
203
208
212
217
222
266
233
236
361
288
293
255
307
310
269
274
279
332
338
292
298
302
307
331
319
321
326
331
336
341
344
349
355
440
364
368
374
378
383
457
393
397
567
406
411
416
421
424
429
651
866
444
449
454
458
542
547
553
5
9
14
29
23
28
33
38
42
47
52
56
61
77
83
89
94
85
90
114
99
104
109
113
118
122
127
132
137
141
146
151
157
162
179
195
246
180
184
189
287
198
203
208
212
329
223
228
231
236
241
370
250
383
259
310
288
275
278
283
289
293
297
303
308
311
316
321
325
331
336
340
345
356
359
365
370
433
374
383
388
691
400
404
408
406
411
487
421
497
504
434
439
521
674
532
458
462
467
472
5
9
14
19
23
28
50
57
42
47
92
66
72
77
84
88
94
85
90
95
99
104
109
113
120
122
127
132
137
141
146
151
157
175
172
170
175
179
184
189
193
199
238
314
212
217
223
227
243
236
244
245
293
300
333
265
269
412
279
284
337
344
297
354
359
313
478
324
327
496
335
340
345
349
354
360
426
368
373
378
383
387
393
396
401
406
411
418
420
426
429
434
439
444
449
456
459
464
470
472
472
