388
639
893
1226
1588
2010
2195
2496
2887
3178
3550
3819
4118
4423
4719
4981
5408
5576
6002
6203
6684
7019
7181
7572
7814
8210
8743
8682
9126
9403
9566
10010
10324
10450
11162
11628
11440
11891
12188
12463
12830
13022
13348
13661
14057
14443
14839
15074
15452
15511
16090
16166
16309
16787
17022
17186
17856
18024
18291
18781
19275
19193
19696
20101
20209
20528
20861
21015
21345
21594
21980
22161
22497
22827
22986
23593
23819
24235
24716
25266
25200
25243
25937
25943
26246
26545
27249
26948
27417
27740
28009
28557
28485
29306
29455
29669
29963
29898
30805
30468
