14
21
28
23
48
49
37
42
46
51
56
60
65
69
74
79
123
161
93
97
102
149
111
125
124
148
154
134
139
143
147
152
157
161
166
171
176
180
219
189
194
198
203
207
212
218
222
226
231
235
285
245
249
253
258
263
267
272
329
281
336
291
295
300
304
309
315
318
385
389
343
338
343
365
378
361
431
438
376
378
385
489
461
466
397
401
608
412
416
498
424
429
434
439
442
448
453
458
462
5
9
14
18
23
28
32
37
41
46
51
55
60
65
69
74
100
83
88
92
97
101
106
112
115
124
125
141
134
138
143
165
152
157
161
166
170
175
214
219
191
194
198
203
209
234
217
222
239
230
255
240
367
249
255
258
263
270
272
276
281
340
292
296
301
304
310
313
318
419
328
332
338
342
435
350
356
570
366
368
373
568
383
387
393
472
478
406
420
416
419
425
429
435
520
443
448
452
458
462
462
